67.12146534746843
51.0722851532263
51.02861653106753
51.02405638995107
51.02238875291524
51.02129747400053
51.02037064709807
51.01950219261006
51.01865986142525
51.017833609745345
51.01702094571877
51.01622206550251
51.01543806582234
51.0146702473603
51.01391983961715
51.01318789859401
51.012475277847145
51.01178263087053
51.01111042632124
51.0104589677373
51.00982841397608
51.009218798702975
51.00863004826
51.008061997711394
51.00751440508325
51.00698696391817
51.0064793142886
51.00599105243712
51.00552173918979
51.00507090728986
51.00463806777503
51.00422271551168
51.00382433399629
51.00344239948974
51.003076384597826
51.00272576132774
51.00239000371397
51.00206859004144
51.001761004738185
51.00146673995196
51.001185296871654
51.00091618680907
51.000658932083354
51.000413066716916
51.00017813698402
50.99995370181921
50.99973933310835
50.99953461587309
50.9993391483738
50.999152542126076
50.99897442186227
50.99880442542667
50.99864220362851
50.99848742005609
50.998339750849205
50.99819888445639
50.99806452135613
50.997936373771616
50.99781416535989
50.997697630903005
50.99758651597872
50.99748057663536
50.99737957906036
50.997283299244906
50.9971915226573
50.997104043909246
50.99702066643273
50.99694120215811
50.99686547119708
50.99679330153431
50.99672452872461
50.99665899559617
50.9965965519616
50.99653705433932
50.996480365679176
50.99642635510075
50.99637489763384
50.996325873974286
50.996279170243604
50.99623467775686
50.99619229280024
50.99615191641802
50.99611345420328
50.996076816100086
50.99604191621402
50.996008672623276
50.99597700720712
50.99594684547411
50.99591811639856
50.99589075226645
50.99586468852467
50.99583986363845
50.99581621895303
50.9957936985626
50.99577224918485
50.99575182004124
50.99573236274099
50.99571383117013
50.99569618138944
50.99567937152921
50.99566336169665
50.99564811388438
50.99563359187853
50.9956197611794
50.99560658892027
50.99559404378876
50.99558209595803
50.99557071701393
50.99555987988916
50.995549558799794
50.99553972918843
50.995530367660514
50.995521451933875
50.99551296078542
50.995504873998996
50.9954971723208
50.99548983741109
50.99548285180541
50.99547619886511
50.995469862747704
50.99546382836267
50.99545808133765
50.995452607984575
50.99544739526794
50.99544243077034
50.995437702669264
50.99543319970292
50.995428911146604
50.99542482678562
50.99542093689369
50.99541723220668
50.995413703901015
50.995410343575074
50.99540714322724
50.995404095236914
50.99540119234663
50.99539842764396
50.99539579454771
50.995393286788406
50.99539089839652
50.995388623687774
50.9953864572466
50.995384393916005
50.99538242878647
50.99538055718189
50.99537877464627
50.99537707693957
50.995375460022515
50.99537392004731
50.995372453350875
50.995371056443766
50.99536972600325
50.995368458864704
50.99536725201437
50.995366102582416
50.99536500783565
50.99536396517003
50.99536297210645
50.99536202628427
50.9953611254544
50.99536026747592
50.995359450309316
50.995358672011236
50.99535793073256
50.995357224711015
50.99535655226981
50.99535591181027
50.99535530180974
50.99535472082048
50.9953541674605
50.99535364041635
50.995353138435284
50.99535266032442
50.99535220495
50.99535177122819
50.99535135812988
50.99535096467397
50.995350589926275
50.995350232995705
50.99534989303609
50.99534956923991
50.99534926083794
50.995348967098415
50.995348687323215
50.99534842084908
50.99534816704282
50.99534792530187
50.99534769505293
50.995347475749895
50.995347266871455
50.99534706792162
50.995346878428855
50.9953466979437
50.995346526037046
50.995346362301134
50.99534620634843
50.99534605780761
50.99534591632793
50.99534578157169
50.99534565322053
50.995345530969395
50.99534541452836
50.995345303621725
50.99534519798515
50.99534509736924
50.995345001535654
50.99534491025573
50.99534482331409
50.99534474050392
50.995344661628664
50.99534458650162
50.99534451494494
50.99534444678893
50.99534438187101
50.995344320038214
50.99534426114313
50.99534420504729
50.995344151617005
50.99534410072522
50.99534405225112
50.995344006080934
50.99534396210395
50.995343920217074
50.995343880320334
50.995343842319315
50.99534380612379
50.995343771647605
50.99534373880984
50.99534370753197
50.99534367774054
50.99534364936414
50.99534362233606
50.99534359659203
50.99534357207152
50.99534354871541
50.995343526468965
50.995343505280374
50.99534348509752
50.995343465873376
50.99534344756304
50.995343430122404
50.99534341350972
50.99534339768766
50.99534338261655
50.995343368260954
50.995343354587625
50.99534334156365
50.99534332915844
50.99534331734304
50.9953433060882
50.995343295368926
50.995343285157915
50.995343275432866
50.995343266169236
50.99534325734597
50.99534324894147
50.99534324093605
50.99534323331133
50.99534322604855
50.99534321913058
50.99534321254175
50.950048953020165
50.896151448456436
50.83110357816484
50.757940202102084
50.67906925485644
50.596516529828804
50.51200993811872
50.42701297849761
50.34274565211637
50.26020320219187
50.1801755678988
50.10326806306832
50.02992292214798
49.9604410554854
49.895003316904145
49.83369067684333
49.776502841776214
49.723375021668666
49.67419269612058
49.628804353429715
49.587032270597376
49.54868146704381
49.51354700432587
49.48141982341882
49.45209131522672
49.425356813491796
49.40101818597291
49.378885682640465
49.35877918082127
49.340528948292025
49.32397602721408
49.30897232514704
49.29538048449208
49.2830735886256
49.271934751784386
49.26185663021345
49.252740884128855
49.24449761342413
49.2370447846695
49.23030766254491
49.22421825533303
49.21871478129851
49.21374116056042
49.209246535357906
49.205184820280486
49.201514283028395
49.198197155530494
49.19519927470081
49.19248975172478
49.190040668519266
49.18782679985
49.18582535948297
49.184015768752005
49.1823794458856
49.18089961452337
49.17956112987535
49.17835032107718
49.177254848354224
49.17626357371349
49.17536644396523
49.174554384951584
49.173819205971505
49.17315351344095
49.17255063294297
49.1720045388567
49.171509790860306
49.17106147663542
49.17065516019191
49.170286835250444
49.16995288321277
49.1696500352489
49.16937533812155
49.16912612336534
49.168899979498605
49.16869472696522
49.16850839554742
49.16833920398974
49.168185541632134
49.16804595184225
49.16791911707462
49.16780384539879
49.16769905834095
49.16760377992237
49.16751712676597
49.16743829917102
49.16736657305967
49.16730129270879
49.1672418641889
49.16718774944087
49.167138460933366
49.1670935568291
49.16705263662956
49.16701533723759
49.16698132939849
49.16695031448532
49.16692202160049
49.16689620494538
49.16687264145525
49.166851128649114
49.16683148269497
49.16681353665822
49.16679713891174
49.16678215170484
49.1667684498685
49.16675591963681
49.16674445758622
49.166733969676486
49.166724370376016
49.16671558187737
49.166707533381185
49.1667001604518
49.16669340442941
49.16668721189862
49.16668153421219
49.16667632704845
49.16667155002298
49.1666671663258
49.16666314239498
49.16665944762844
49.166656054109495
49.1666529363673
49.166650071157285
49.166647437259954
49.16664501529847
49.166642787575306
49.16664073792297
49.16663885156571
49.16663711499667
49.16663551586723
49.166634042882784
49.166632685708976
49.16663143489113
49.16663028177335
49.16662921842986
49.16662823760296
49.16662733264297
49.16662649745493
49.166625726454214
49.16662501451741
49.16662435694813
49.16662374943598
49.16662318802522
49.166622669085775
49.16662218928319
49.16662174555567
49.16662133509001
49.16662095530017
49.166620603809115
49.166620278431274
49.166619977156124
49.16661969813456
49.166619439663634
49.16661920017651
49.16661897822946
49.16661877249323
49.16661858174346
49.16661840485102
49.16661824077559
49.16661808855784
49.16661794731145
49.16661781622124
49.166617694532974
49.166617581550916
49.166617476633334
49.16661737918589
49.166617288660774
49.166617204552274
49.1666171263913
49.16661705374536
49.16661698621444
49.16661692342787
49.16661686504386
49.16661681074361
49.16661676023597
49.16661671324752
49.16661666952765
49.16661662884286
49.16661659097679
49.16661655573021
49.166616522917266
49.16661649236523
49.166616463916064
49.16661643742101
49.16661641274284
49.166616389754736
49.16661636833716
49.1666163483821
49.16661632978663
49.1666163124576
49.16661629630613
49.16661628125047
49.166616267214735
49.166616254129686
49.16661624192857
49.166616230551895
49.16661621994179
49.166616210046406
49.166616200817025
49.166616192207435
49.16661618417501
49.166616176682496
46.75630543942177
44.129235219368276
41.816964544044595
40.043172179787575
38.77951782920509
37.90564763221196
37.304130438490645
36.886976039533145
36.59402499907625
36.38535390821597
36.23456646913552
36.124077799317575
36.04203137821417
35.980325766263675
35.93335157029165
35.897175477533935
35.8690063019358
35.84684078309615
35.829225516216745
35.81509497005153
35.80366002809264
35.794330492298926
35.786660673373255
35.780310835321565
35.77501963081443
35.77058422353477
35.76684583239169
35.76367913119498
35.76098441177687
35.758681743346834
35.75670658494119
35.755006463679926
35.75353844060533
35.75226716284171
35.7511633554181
35.75020264516273
35.74936463718004
35.748632184761455
35.74799080847626
35.747428231022894
35.74693400254571
35.746499197042226
35.7461161650179
35.745778330881805
35.74548002614685
35.7452163514409
35.744983061823
35.74477647105291
35.744593371344
35.744430965833885
35.74428681154105
35.74415877101731
35.74404497122335
35.74394376844731
35.74385371828486
35.74377354988489
35.74370214378866
35.74363851282261
35.74358178558331
35.74353119212769
35.74348605155847
35.743445761221516
35.743409787302525
35.74337765661343
35.743348949422035
35.743323293169766
35.743300356967524
35.74327984676863
35.74326150112264
35.74324508744212
35.743230398716925
35.74321725061467
35.743205478927614
35.74319493731154
35.743185495290646
35.7431770364969
35.7431694571033
35.74316266444178
35.74315657577786
35.743151117221196
35.74314622276144
35.743141833408636
35.74313789643727
35.74313436470174
35.74313119604023
35.74312835273638
35.74312580104313
35.743123510757925
35.74312145484566
35.743119609100226
35.743117951844106
35.74311646366014
35.74311512715506
35.74311392674117
35.74311284845117
35.7431118797654
35.74311100945845
35.743110227466396
35.743109524764414
35.743108893257336
35.7431083256844
35.74310781553046
35.743107356950325
35.743106944698845
35.74310657406759
35.743106240829945
35.74310594119271
35.74310567174895
35.743105429441364
35.7431052115215
35.74310501552416
35.743104839232075
35.743104680656394
35.74310453800708
35.743104409677386
35.74310429422528
35.74310419035217
35.74310409689174
35.74310401279703
35.743103937125035
35.74310386902995
35.74310380774965
35.74310375259986
35.74310370296595
35.743103658293435
35.74310361808508
35.74310358189382
35.74310354931708
35.7431035199919
35.74310349359351
35.74310346983025
35.743103448436294
35.74310342917564
35.74310341183526
35.74310339622299
35.74310338216644
35.74310336950969
35.74310335811335
35.743103347852355
35.743103338611874
35.743103330291525
29.312522670277225
27.39500963899127
26.43508309600939
25.928141330983973
25.63624426440493
25.46278517760688
25.357437774176542
25.292647427580484
25.252416999956292
25.227237283335075
25.211364378972913
25.201291602779474
25.194859147150535
25.190726450386165
25.18805556822937
25.186319317461738
25.185184016945232
25.184437258540836
25.183943095850694
25.183614060688583
25.18339358313902
25.183244886329238
25.18314393508716
25.183074936789673
25.18302745712381
25.1829945625723
25.18297161861093
25.18295550851474
25.182944123145933
25.182936026073428
25.182930232650392
25.182926063494648
25.182923046774146
25.18292085267105
25.18291924916114
25.18291807199915
25.182917204217894
25.18291656203622
25.182916085110605
25.182915729752626
25.182915464174975
25.182915265143865
25.182915115603233
25.1829150029826
25.182914917983297
25.182914853702112
25.182914804999847
25.18291476803727
25.182914739939857
25.18291471855023
25.18291470224417
25.18291468979814
25.182914680286494
25.182914673009304
25.18291466743532
25.18291466316256
25.182914659883803
25.182914657365515
25.182914655430015
25.182914653940795
25.41066467914686
25.304139141362516
25.376025801339022
25.38470598265971
25.390810859727384
25.391096007717106
25.39080820758804
25.390286842690426
25.389887783217404
25.38960204798259
25.389412053304532
25.38928737439247
25.389206462739686
25.389154015973972
25.389120032005493
25.389097984579443
25.389083664114537
25.389074351068338
25.389068288233666
25.3890643378203
25.389061761952025
25.38906008134465
25.389058984291257
25.389058267856203
25.389057799810978
25.389057493936534
25.389057293982994
25.389057163236266
25.389057077719805
25.389057021774363
25.38905698516566
25.389056961205593
25.389056945520764
25.389056935250455
25.38905692852539
25.38905692411992
25.389056921234193
25.38905691934324
24.72287096752851
24.84409611569411
24.84923679706005
24.85334749510493
24.853021562302395
24.852114356468736
24.851221515699017
24.850538225214425
24.85005652908258
24.849730612204514
24.84951472076369
24.849373410283867
24.849281553522506
24.84922208649152
24.849183680440884
24.849158910367322
24.84914294647362
24.849132661274844
24.849126035080275
24.849121765666652
24.849119014141497
24.84911724031287
24.8491160963746
24.84911535837051
24.849114882062754
24.849114574529526
24.849114375885698
24.84911424752388
24.849114164544176
24.84911411088056
24.849114076161616
24.849114053691064
24.849114039142027
24.849114029718464
24.849114023612437
24.84911401965458
24.849114017088542
24.849114015423513
23.880871133769435
23.804487096626307
23.774718013592814
23.762006319739562
23.75551881287506
23.751831530720896
23.749579486683437
23.748144054642545
23.74720730972006
23.746588444000242
23.746177056940542
23.745902758751637
23.745719590050875
23.74559717558434
23.74551532122681
23.745460564660796
23.745423920058382
23.745399385914123
23.74538295242568
23.74537193966343
23.745364555904526
23.745359602797176
23.745356278507742
23.745354046269476
23.745352546580527
23.74535153853987
23.7453508606373
23.74535040453261
23.745350097513246
23.745349890753502
23.745349751450707
23.745349657555995
23.745349594241034
23.745349551528598
23.745349522703727
23.74534950324288
23.745349490099873
23.745349481219858
23.745349475218177
23.745349471160193
23.745349468415874
23.745349466559265
23.745349465302624
23.505492055400453
23.46717093929092
23.450583430360805
23.44100833053864
23.43487376254717
23.430795032844074
23.42803928198656
23.426160741412012
23.424872747650642
23.423986069379264
23.423373871083303
23.422950268091714
23.422656683569045
23.422452956252442
23.422311445297623
23.422213073159394
23.422144644838692
23.42209701943412
23.422063856752573
23.422040754929647
23.42202465545118
23.422013431811646
23.42200560468754
23.42200014447345
23.42199633425621
23.421993674651418
23.421991817671298
23.421990520742202
23.421989614717287
23.421988981612177
23.42198853910549
23.42198822974166
23.421988013408967
23.42198786209672
23.421987756238572
23.421987682164186
23.421987630319656
23.421987594026085
23.421987568613773
23.42198755081712
23.421987538350965
23.421987529617745
23.421987523498164
23.4219875192092
23.421987516202776
23.42198751409537
23.421987512617264
23.392496296236917
23.379420671659645
23.36975564998356
23.362632174208084
23.357495303620937
23.35384175593238
23.35126033194608
23.349440555805156
23.34815773478612
23.34725256182599
23.34661305365293
23.346160680476178
23.345840340302733
23.345613300666
23.345452278970757
23.34533802033813
23.34525691312879
23.34519932236681
23.345158421047213
23.345129368123537
23.34510872886897
23.34509406534546
23.345083646610036
23.345076243421275
23.345070982687236
23.34506724420301
23.345064587364316
23.345062699135347
23.345061357099627
23.34506040322092
23.345059725201253
23.34505924324007
23.345058900628445
23.345058657063767
23.345058483903276
23.345058360790404
23.345058273255457
23.345058211013068
23.345058166753393
23.345058135279196
23.345058112895686
23.345058096976125
23.345058085653484
23.345058077599877
23.345058071871044
23.345058067795787
23.345058064896335
23.34505806283369
23.345058061366345
23.294570968661315
23.274846839146395
23.263029239660934
23.25538500857633
23.250267672323893
23.24677113378586
23.244350198036468
23.242659024229265
23.24147044737606
23.240631624284116
23.24003795667874
23.239616991837895
23.23931811058556
23.239105733291314
23.238954746031876
23.23884737089026
23.23877099850843
23.238716673912467
23.238678032149025
23.238650546870044
23.238630998281756
23.23861709566519
23.238607209210336
23.238600179351618
23.238595181135686
23.238591627710775
23.238589101643324
23.238587306039452
23.238586029758377
23.23858512265906
23.238584477987633
23.23858401984689
23.238583694279964
23.238583462933555
23.238583298546125
23.238583181740946
23.238583098747668
23.238583039780565
23.23858299788445
23.23858296811767
23.238582946969476
23.238582931944052
23.238582921269234
23.238582913685203
23.238582908296994
23.238582904468895
23.238582901749233
23.23858289981691
23.23858289844403
23.196190245445997
23.177978328747724
23.166348577630032
23.15851119365121
23.15312188600124
23.14937679759018
23.146758787220843
23.14492223745798
23.143631130559495
23.14272226525015
23.14208194253805
23.141630582408062
23.14131232137269
23.141087870398458
23.140929563798014
23.140817905486035
23.140739149879003
23.14068360293898
23.140644426865574
23.140616798171294
23.140597314224753
23.140583574746767
23.140573886600276
23.14056705552232
23.140562239182128
23.140558843509062
23.140556449549358
23.14055476186266
23.1405535721226
23.140552733436515
23.14055214223545
23.14055172549941
23.140551431749916
23.14055122469444
23.140551078749095
23.14055097587968
23.14055090337252
23.140550852266273
23.140550816244936
23.14055079085596
23.14055077296085
23.140550760347878
23.14055075145762
23.140550745191415
23.140550740774934
23.140550737661876
23.1405507354675
23.140550733921035
23.14055073283085
23.112042569598906
23.093487270811483
23.080146173041783
23.070728817711714
23.064107487862323
23.059455566649454
23.056189303918355
23.05389765403192
23.052290960190792
23.051165175038932
23.050376722337777
23.04982470980294
23.049438324202228
23.0491679116267
23.048978680246694
23.048846264693267
23.048753607692404
23.048688771030903
23.048643400585174
23.048611650848862
23.04858943182173
23.04857388184043
23.048562998657697
23.048555381306425
23.04855004949876
23.04854631727664
23.04854370461583
23.04854187558497
23.04854059508061
23.048539698554652
23.04853907083372
23.04853863130096
23.048538323523626
23.048538107996
23.04853795706115
23.04853785135604
23.04853777732383
23.048537725471913
23.048537689153115
23.048537663713727
23.048537645893653
23.048537633409936
23.048537624665123
23.048537618538383
23.04853761424623
23.048537611238704
23.04853760913161
23.048537607655224
23.013446023848168
22.988796868281
22.971321987803126
22.959102097960088
22.950558949384046
22.944579421833442
22.940393354349336
22.93746422090083
22.935416060461066
22.933984894371537
22.93298542124554
22.932287718248716
22.93180081070758
22.931461070674807
22.931224037847404
22.93105866671337
22.93094328934017
22.930862787515665
22.93080661486915
22.930767414985496
22.930740056650738
22.930720960666818
22.930707630265942
22.93069832361152
22.93069182541264
22.930687287660454
22.930684118559196
22.930681905066926
22.930680358869203
22.93067927868894
22.930678523996022
22.93067799666209
22.93067762815901
22.93067737062396
22.93067719062568
22.930677064809316
22.930676976857796
22.930676915371166
22.930676872382946
22.9306768423252
22.930676821307127
22.93067680660936
22.93067679633027
22.930676789141486
22.930676784112933
22.93067678059596
22.93067677813547
22.930676776414042
