103959.69971205041
13410.018512688765
596.6453391624676
320.18345634418614
1267.507172560941
1899.8032156870174
2222.363638314292
2373.647948464147
2442.0255108492565
2471.835472588963
2482.573916071557
2486.0275326747446
2486.662422817075
2486.7028553936398
2486.7030154418962
2486.7030154452464
730736.3705894059
127188.28987307556
18623.010620282024
1887.3305208092643
644.8612486134923
1275.7604068441724
1746.1058316309236
1945.6712770927943
2003.639311828466
2015.43731977023
2017.5165553556103
2017.725535908869
2017.7285638487579
2017.7285648624159
