2.7195337415151406
0.9065609481454746
0.6043677594234799
0.4028984270016982
0.268570518536881
0.17899003869803268
0.11922633718634618
0.07936365690777065
0.05304881279786361
0.03746608594153267
0.031817361064378706
0.01893895746809729
0.004483181313097379
0.00023670712197289376
1.0241121421406262e-06
2.1936553047147257e-11
3.9151592760211127
1.3176996299629793
0.8775334513871506
0.5830270257626632
0.3847874418505547
0.24983767529199066
0.1511449884827269
0.08091238397960204
0.03683440629061714
0.01958165781395288
0.009274514765088615
0.0008310599323623659
1.4298308748535091e-05
5.075857137788622e-09
